trans = [0.4,0.3,0.2,0.1;
        0.3,0.3,0.3,0.1;
        0.2,0.2,0.3,0.3;
        0.1,0.2,0.3,0.4];
result = 54 / 72 = 75%

trans = [0.3,0.3,0.2,0.1,0.1;
        0.2,0.3,0.2,0.2,0.1;
        0.2,0.2,0.2,0.2,0.2;
        0.1,0.1,0.3,0.3,0.2;
        0.1,0.1,0.2,0.3,0.3];

result = 56 / 72 = 77.78%


old data

trans = [0.3,0.3,0.2,0.1,0.1;
        0.2,0.3,0.2,0.2,0.1;
        0.2,0.2,0.2,0.2,0.2;
        0.1,0.1,0.3,0.3,0.2;
        0.1,0.1,0.2,0.3,0.3];

result = 47 / 100 = 47%

4 states 25%

6 states 41%

8 states 58%

10 states 61%

12 states 63%

------------
map 1 5 10 20 30
3 states : 1 0.4567 0.2929 0.1771 0.1276

1 0.3167 0.1583 0.0999

0 0.1067 0.1012 0.0738
