estTR =

    0.5910    0.4090         0         0         0         0         0         0    0.0000         0
    0.0000    0.3994    0.5092    0.0086    0.0000         0    0.0744    0.0029    0.0055         0
    0.0000    0.0000    0.5646    0.2978    0.0000    0.0000    0.1287    0.0089         0         0
    0.0000    0.0022    0.0000    0.7878    0.2100    0.0000    0.0000         0         0         0
         0         0    0.0000    0.0000    0.7490    0.2510    0.0000         0         0         0
         0         0         0         0    0.0350    0.8402    0.0000    0.1249         0    0.0000
    0.0070         0    0.0000         0    0.0000    0.0000    0.4205    0.4931    0.0656    0.0138
         0         0    0.0040         0    0.0000    0.0099    0.0215    0.6351    0.3292    0.0001
         0         0         0         0         0    0.0000    0.0000    0.0218    0.7721    0.2061
    0.0249         0         0         0         0    0.0000    0.0034    0.0000    0.0257    0.9460


estE =

    0.8791    0.0063         0         0         0         0    0.0000         0    0.0059    0.1087    
    0.0000         0    0.0000         0         0         0    0.0000         0    0.0002    0.9998    
    0.0089         0         0         0         0    0.0033    0.0000    0.2726    0.4351    0.2800    
    0.0000         0         0         0    0.0000    0.0109    0.6078    0.3746    0.0067         0         
         0         0         0         0    0.0163    0.9145    0.0692         0         0         0         
    0.0000         0         0    0.0214    0.9133    0.0652         0         0         0         0         
    0.0000    0.0000    0.0000    0.0000    0.4724    0.3478    0.1421    0.0377    0.0000         0         
    0.0182    0.0000    0.0017    0.8942    0.0859    0.0000         0         0         0         0         
         0    0.0209    0.9071    0.0558    0.0070    0.0034    0.0058         0         0         0         
    0.0335    0.9406    0.0164    0.0061    0.0034         0         0         0         0         0         

=============================================================================================================

0.1630    0.1522    0.1413    0.1304    0.1196    0.1087    0.0978    0.0870
0.1429    0.1531    0.1429    0.1327    0.1224    0.1122    0.1020    0.0918
0.1275    0.1373    0.1471    0.1373    0.1275    0.1176    0.1078    0.0980
0.1154    0.1250    0.1346    0.1442    0.1346    0.1250    0.1154    0.1058
0.1058    0.1154    0.1250    0.1346    0.1442    0.1346    0.1250    0.1154
0.0980    0.1078    0.1176    0.1275    0.1373    0.1471    0.1373    0.1275
0.0918    0.1020    0.1122    0.1224    0.1327    0.1429    0.1531    0.1429
0.0870    0.0978    0.1087    0.1196    0.1304    0.1413    0.1522    0.1630

=============================================================================================================

0 2242 427
1 1269 606
2 432 453
3 220 503 
4 115 651
5 87  596
6 44  475
7 41  377
8 32  220
9 436 459

=============================================================================================================

estTR =

    0.5759    0.4241    0.0000    0.0000    0.0000    0.0000    0.0000    0.0000
    0.0000    0.4257    0.4890    0.0423    0.0180    0.0191    0.0060    0.0000
    0.0000    0.0000    0.6573    0.2541    0.0433    0.0453    0.0000    0.0000
    0.0041    0.0000    0.0000    0.7372    0.2567    0.0020    0.0000    0.0000
         0         0    0.0000    0.0038    0.8425    0.1505    0.0000    0.0032
    0.0000         0    0.0031    0.0000    0.0000    0.7191    0.2776    0.0001
    0.0000         0    0.0000         0    0.0000    0.0279    0.7719    0.2002
    0.0263         0         0         0    0.0000    0.0039    0.0223    0.9475


estE =

    0.8671    0.0058    0.0000         0         0         0    0.0000         0    0.0093    0.1177
    0.0000         0    0.0000         0    0.0000    0.0000    0.0000    0.0000    0.0000    1.0000
    0.0068         0         0    0.0000    0.0000    0.0029    0.0034    0.4301    0.3522    0.2046
    0.0000         0         0         0    0.0000    0.1032    0.7064    0.1874    0.0030    0.0000
    0.0000    0.0000    0.0000    0.0000    0.4095    0.5874    0.0030    0.0000    0.0000    0.0000
    0.0112    0.0000    0.0000    0.6727    0.2717    0.0315    0.0128    0.0000    0.0000    0.0000
    0.0000    0.0187    0.8969    0.0710    0.0033    0.0031    0.0069         0         0         0
    0.0376    0.9421    0.0138    0.0029    0.0036    0.0000    0.0000         0         0         0



==============================================================================================================


estTR =

    0.0000    0.4417    0.1404    0.0325    0.1790    0.1028    0.0431    0.0604
    0.1047    0.6379    0.2530    0.0000    0.0000    0.0044    0.0000         0
    0.0000    0.0649    0.7251    0.2084    0.0000    0.0015    0.0000    0.0000
    0.1375    0.0000    0.0000    0.7656    0.0759    0.0210    0.0000    0.0000
    0.0000    0.0154    0.0000    0.0000    0.9292    0.0457    0.0097    0.0000
    0.0000    0.0000    0.0000    0.0000    0.0067    0.9855    0.0078    0.0000
    0.0000         0    0.0000    0.0000    0.0000    0.0958    0.3176    0.5866
         0         0         0         0    0.0000    0.0000    0.0746    0.9254


estE =

    0.0000    0.0000    0.0000    0.1961    0.5289    0.2750    0.0000    0.0000    0.0000    0.0000    0.0000
         0    0.0000         0    0.0000    0.0000    0.0000    0.0554    0.1536    0.1885    0.1599    0.4427
    0.0000    0.0001    0.0997    0.1211    0.0802    0.3496    0.2514    0.0541    0.0000    0.0000    0.0438
    0.0021    0.1662    0.1555    0.3253    0.3048    0.0000    0.0000    0.0055    0.0193    0.0212    0.0000
    0.0240    0.3586    0.3869    0.1607    0.0137    0.0192    0.0201    0.0155    0.0000    0.0013         0
    0.2673    0.6059    0.0757    0.0152    0.0262    0.0056    0.0041         0         0         0         0
    0.0000    0.7039    0.1777    0.0934    0.0122    0.0128         0         0         0         0         0
    0.9723    0.0277    0.0000    0.0000    0.0000    0.0000         0         0         0         0         0

imagesc(a)


==============================================================================================================


standard =

  Columns 1 through 11

          21        6220      119958        2519          90       10770        1101        1061         201         625        6233

  Columns 12 through 22

       35693           1        3322       51451    42027801        3348       22729         291           4        4706           3

  Columns 23 through 33

       44346        8558       42140        4910     2232061        1066         397        2301         458         307          23

  Columns 34 through 36

        6611      194936        2908


pre =

  Columns 1 through 11

         937       28997       69748        1003        1352       49494         872      142606        6110        9278       90647

  Columns 12 through 22

       20945          70        3665      220515    13078038       31216       22938        1272         344       16919           5

  Columns 23 through 33

      165420       10434      904619        4037    12121471         454        1680       13122       26587         636         654

  Columns 34 through 36

        6025      387195       14166






standard =

  Columns 1 through 11

           6           5         228      119958        1611        5407       17820        3343       55569       44346       22729

  Columns 12 through 22

         419         971         792         576       19767       74082       24202        5918       15668          60         709

  Columns 23 through 33

       34479          53        2860          71        1182        3842         446         641         353        6611          94

  Columns 34 through 36

         175       18994         186


pre =

  Columns 1 through 11

          97         158        3019       69748        8432        5815      599796        2748       30058      165420       22938

  Columns 12 through 22

        6571       18204        9039         479       19652       65349      343603       17170       33002        3814        1501

  Columns 23 through 33

       77155        1316        8870        3417        3149        8608        1927        2760         916        6025         235

  Columns 34 through 36

        1216       38340        6900






standard =

  Columns 1 through 11

          63        2084      370329           2           1          27       14352       86657         151       12048        4910

  Columns 12 through 22

       14819         419         238        1410       34715          14        5290       31993        2022       33943        3684

  Columns 23 through 33

         293         793           0        6910           1         540      119958         122      174053         168       65900

  Columns 34 through 36

         458         182         762


pre =

  Columns 1 through 11

          88        3845      113600           2        1017         137       27163     1984045        1787      131357        4037

  Columns 12 through 22

       54906        6571        1174        4059      129538          77       37223       31199       10143       16317       10022

  Columns 23 through 33

        2341        3996         120       34567          70       17970       69748        1810      320450         396       57903

  Columns 34 through 36

       26587        4075       10980







standard =

  Columns 1 through 11

         249       11661         799         458        7827        1376        3504       17224         291        5231        6233

  Columns 12 through 22

       25766       33943        1310      329028        8010      215230        1519         522         709         419         149

  Columns 23 through 33

       98579      305460         115        1095         235         282        3891          45          37         959        8522

  Columns 34 through 36

       34479      134244    15824085


pre =

  Columns 1 through 11

        8031       18707        5118       26587        4402        2991       36489       16647        1272       16401       90647

  Columns 12 through 22

       18698       16317        3977      221866        3452      155819       27787       25168        1501        6571        6652

  Columns 23 through 33

      408013      125908        1408       13773        3347       10025       22432        5078         413        4567       33936

  Columns 34 through 36

       77155      222249     7746207



 

standard =

  Columns 1 through 11

        4261         576         300          59      116369       32156           6         234       18844           3         235

  Columns 12 through 22

          60       29390         757           3         876       17820         156       81148         332        6220        1973

  Columns 23 through 33

     2232061        2912         221        3504          65       28301      194936         225          -1        4276         519

  Columns 34 through 36

       28275      165458         446


pre =

  Columns 1 through 11

       29935         687        4861        3016       96983      589799          33       15870      190616       52915        3347

  Columns 12 through 22

        3814       11816       14924          66        1231      599796        1483      175210        1299       41583        5478

  Columns 23 through 33

    12121471        9269        2249       36489        1071       99730      387195        6392          53       34811        1786

  Columns 34 through 36

       78051      125740        1927





ans =

    0.6000    0.2220    0.1510    0.0907